version https://git-lfs.github.com/spec/v1
oid sha256:123adadfc95fad70d1a41a5cb6d7b9e389472f8648c9a392b62354cc5c5263a8
size 947669556
